書名,価格
ショパン コミック版世界の伝記,1320
テーレマコス,2640
最高の夏休み,3960
ＩＮＮＵ（５）,792
クソキモカタルシス(話売り)#9,165
ディグイット分冊版（７）,220
ああ、生きているって素晴らしい【タテヨミ】 第63話 挑戦 ジャンプコミックスDIGITAL,61
いろいろなハナシ 1,176
ヒトグイ45話,77
ヒトグイ56話,77
浮世島 (1) バンブーコミックス,880
げきおこシュリケン,176
不夜城の一等星 2,250
予知視 76 ズズズキュン！,110
不夜城の一等星 3,250
オドのための備忘録 Ⅰ,550
奈楽荘第27話地獄-急-【タテヨミ】 ホンコミックス,61
アカテン教師 梨本小鉄 3,880
みっしょん！！（５）,792
到達のアクタ（２）,792
